19912
47275
1022
32583
48402
14730
30935
49244
8167
52208
40284
64548
3139
43110
12760
17892
6470
2564
54449
17817
32539
9840
7425
20171
19579
19561
23047
45649
13435
25316
30617
11076
6498
53230
2549
36507
48404
5568
51058
38045
62271
56003
11390
35107
29999
15999
53404
28227
283
15823
10668
2694
51069
60629
26674
562
44616
43218
31618
27000
38015
20464
39543
50352
17998
34023
19450
41858
4980
2345
30118
34172
9400
3446
32043
32914
33491
50970
52762
54987
54905
43955
53467
52719
59326
65154
31686
23738
51176
11555
33791
43847
60660
11901
58395
43542
49036
18908
63999
47826
43823
32227
7879
18840
29482
4972
705
25575
50681
42985
42748
38145
63962
20896
56776
15714
53596
7749
22062
1452
47899
34451
23535
9148
26116
65401
22620
48254
49171
20421
26761
29888
41640
14
58729
6491
63885
7709
53752
26926
6876
44493
52767
23669
8789
51985
24821
35530
23715
33875
22218
30246
25345
25960
11557
54159
18261
8842
27794
23590
49492
44094
42171
6429
26559
37082
65029
30035
45752
4936
60466
1417
28298
61476
8822
61279
56977
55166
4709
1328
40784
6624
50968
7170
14933
40871
5280
16176
51182
45536
52232
17832
11949
24695
54619
58525
59631
60065
54952
50590
25111
49191
63421
57525
14644
50467
41466
34883
6851
460
2342
14979
38947
58796
16603
38328
59043
38091
33109
18118
54021
12035
39263
43035
24038
49447
59616
7958
23397
13809
23448
21060
24933
36256
58661
45447
11662
18206
55696
48274
11174
59587
65500
8785
44923
10650
29000
34619
59525
21105
49143
10040
16865
171
44284
62515
19630
49025
4220
31428
5660
44964
55553
5278
54122
13686
376
33654
40233
60129
37366
22605
56950
43130
42567
53649
36085
45374
47405
34784
61660
64014
13250
9258
2738
16782
20592
58472
41741
37663
34851
15496
502
49134
63902
57780
48049
63611
62869
58645
4553
42754
14765
45736
3563
58574
32722
14178
49662
53618
10779
43325
23309
59295
48201
23297
58473
24627
63204
15889
31463
17659
11161
44333
7892
624
25186
28068
31554
54724
12914
32665
39876
11309
35805
64426
15409
62674
53020
25292
51572
39140
24725
5902
19508
6494
51256
16099
57238
4035
29311
52107
27759
39776
22647
21418
40372
48974
27430
43006
12895
17114
19046
38748
21847
44670
62538
717
45538
44865
3711
53635
56379
45485
47921
20499
63334
22638
38181
15804
29756
2525
9941
3931
24485
59093
40252
30816
4042
21816
29773
61740
34622
58603
46967
62811
39686
49100
12338
63143
41474
22513
30108
18345
6876
29662
28364
30708
34534
41620
7256
3645
33970
8552
47182
12364
41680
12313
46417
29026
10903
5255
22900
43215
20925
51965
36512
47549
30960
47872
44096
40325
54007
11843
3047
45199
35864
43288
63404
16934
10847
21733
11410
9953
54648
9826
47249
40597
50677
18191
21011
14258
41222
2885
33048
38180
44067
43295
40989
38737
52524
16483
8050
34575
19589
7319
51244
34937
28808
33048
26543
62920
51745
38775
12507
56813
31251
6837
53229
61947
47955
12976
12513
50566
37253
16967
2369
41830
59607
38045
33973
63504
40739
17141
58115
46828
35525
2237
15646
20319
27448
14155
4466
2695
57177
35351
9291
45680
46821
14344
58309
33007
48349
33279
65061
48519
2335
60217
37163
33069
60699
49457
6146
35490
11241
9913
34648
18531
46628
17769
21215
33967
65337
59747
4221
56960
61772
45560
13010
15946
55308
18066
47607
12469
30389
65019
34140
56087
7062
65461
8181
36565
28869
48947
57277
47328
10136
28683
9699
35581
24662
42145
36233
44045
57923
7908
11884
1316
14222
10341
34564
20779
32053
50410
39241
65154
63139
15504
44574
43920
4222
53584
43076
43739
41719
47823
57352
34641
45995
33778
61464
6179
18005
43825
24761
56089
42059
33210
42266
44822
57665
2678
50404
46229
55932
24792
26321
49568
57491
38024
50736
4231
9556
2736
43248
22081
46047
15410
23736
23986
35411
63857
31563
25033
38749
25888
4122
20526
11296
18377
15816
43793
33099
43452
45482
6366
28226
16685
49249
42640
26635
62080
39046
2829
25757
41371
27312
45553
50027
59585
1948
14451
57048
64471
18851
14854
16606
23325
40173
37413
35072
52607
19787
32710
8081
65018
34961
43828
44041
41103
37869
58156
36518
3798
53584
20468
4602
14862
23234
54558
46342
50504
7116
49982
29421
15892
4095
54205
49022
10483
16531
39191
39224
57705
3380
7874
28466
55251
31903
54427
7247
14668
46075
9160
10131
33953
12036
9485
11079
31303
659
64679
26705
31022
58863
56437
24848
65292
14564
48189
62734
13565
62491
32800
1466
16575
53753
45133
43456
21628
59246
41458
29029
559
59655
12629
8198
18843
106
1901
32435
53214
7278
4983
55006
4771
14727
437
7133
40677
9314
19938
33672
2197
33990
16412
4791
50428
40483
63567
36732
4720
42235
21751
4426
48207
65522
20610
36025
1818
28577
39597
54745
9686
17698
5096
38632
52183
21307
9561
8814
17754
42242
7094
11525
51591
46486
62322
50491
49772
37490
54316
3210
42784
7274
40515
38023
53729
21863
55775
64612
54271
6702
24877
46557
2985
51885
49701
17169
20777
43039
27900
59824
6417
14767
54808
47289
21638
60884
8910
56775
6081
47885
20912
821
54692
30162
82
47624
1550
24138
35582
36663
53159
30210
48471
13442
52579
6119
16270
18197
2138
8705
22777
31426
34791
33951
10327
56557
30871
62621
39653
10216
28323
47526
57061
47903
1651
32008
56191
20469
30143
44318
4248
21332
7648
33673
48094
25158
64685
15658
63254
37262
55488
18608
54511
17996
8263
32574
3931
44538
54155
14700
19259
40661
11585
52394
4865
30081
32780
45418
41742
37258
26996
62579
18859
26182
50135
19629
9988
51583
60131
5630
25256
43682
62579
55369
45380
44250
31610
60184
10561
4673
53099
10657
44512
59142
39142
45926
36925
42595
57522
678
47909
31225
30738
34380
50076
23426
58895
45288
25304
33391
37923
35778
10633
45001
8839
17534
1442
48179
47352
32706
32257
47909
16621
4877
14387
40143
43402
61239
32448
21207
22803
47748
32726
35896
31417
53386
61277
26586
59214
65096
37499
23650
31586
30038
6071
46206
2615
43235
64640
41402
2748
21958
16655
8966
9957
4991
21671
63483
3682
57771
8315
5169
10244
5045
62746
36840
53651
22105
36749
53754
59538
55162
34402
39879
63355
37830
28239
